,s,size_u,size_v,cos_org,cos_fmh
0,0.001,50000,78268,0.6248523965328567,0.6928465180980945
1,0.001,50000,53567,0.5169770819534169,0.45250923281806393
2,0.001,50000,52613,0.513727249245527,0.46747349500422863
3,0.001,50000,55891,0.5289093261001612,0.46709936649691375
4,0.001,50000,31243,0.394949471019982,0.4147575310031266
5,0.001,50000,51993,0.5120152461162616,0.45888943638397023
6,0.001,50000,96293,0.6940425256915084,0.6428906136687584
7,0.001,50000,65026,0.5696931267496251,0.5853114511218102
8,0.001,50000,90471,0.6714359937696834,0.6843364477565327
9,0.001,50000,90966,0.6743663707353454,0.6964556734283275
10,0.01,50000,58600,0.5410730534287932,0.5454601780559173
11,0.01,50000,49512,0.4951221204125595,0.5306972312464443
12,0.01,50000,62620,0.5603576061393511,0.5509335121476598
13,0.01,50000,90186,0.6713196239334143,0.6562760931327646
14,0.01,50000,27089,0.3684768663079103,0.3658415679977914
15,0.01,50000,42230,0.4624485174641169,0.48109296271936874
16,0.01,50000,28983,0.3789301408128744,0.3791130840869717
17,0.01,50000,99688,0.705988668606392,0.6825935901737693
18,0.01,50000,92457,0.6795403892779166,0.7373153522344069
19,0.01,50000,16921,0.289786426188367,0.3028290381660735
20,0.1,50000,48804,0.4949757407547798,0.5088300126236079
21,0.1,50000,77699,0.6233979554628816,0.6220822354630134
22,0.1,50000,80608,0.6333736593340692,0.6269326601314293
23,0.1,50000,47619,0.49013239410363785,0.47744415475440233
24,0.1,50000,17877,0.29761860667544987,0.30346112451578694
25,0.1,50000,93966,0.6859374942707551,0.6840021444444525
26,0.1,50000,11871,0.24373143114884194,0.2420282593566871
27,0.1,50000,83135,0.6456204731829958,0.6475131176772901
28,0.1,50000,12496,0.252120342482454,0.2499027604552921
29,0.1,50000,57954,0.5390088109913035,0.5400712823895024
